8293231108
8292903954
8286402069
8286402070
8286402071
8286402072
8286402073
8286402074
8286402075
8286402076
8286402077
8261012520
8290274346
8284994109
8284457547
8284457551
8285335650
8289542250
8261023852
8261023853
8290094194
8291145854
8287584386
8264249997
8289774233
8289908901
8293617831
8264153773
8285130929
8261018833
8261018834
8291378385
8261132797
8265151253
8283095844
8283095845
8283095847
8292343086
8258154288
8258405199
8293389157
8290828646
8265197930
8264412525
8291349877
8257595766
8257595767
8257595768
8259292025
8257595769
8257595770
8257595771
8257595773
8257595772
8290504070
8289890699
8257041806
8289890702
8289890703
8289890705
8264974229
8289161110
8286794140
8289161122
8289161123
8289161124
8289161125
8289161126
8262343080
8263723948
8263723950
8263723953
8258096050
8295188402
8258096052
8258096055
8289428419
8289428421
8289428426
8264604635
8291540960
8258609636
8257868773
8295677924
8284431857
8289654769
8289654770
8289654771
8285031931
8285031932
8287284221
8283196415